Punktnummer,X_diff,Y_diff,Z_diff
PW01,0.001,-0.008,-0.0
PW02,0.004,-0.009,0.0
PW03,0.006,-0.009,-0.001
PW04,0.005,-0.008,-0.002
PWS01,-0.001,0.006,0.002
PWS02,0.0,0.007,0.0
PWS03,0.0,0.005,0.0
PWS04,-0.001,0.005,0.0
PWS05,0.001,0.004,0.001
PWS10,0.002,0.003,0.0
PWS11,-0.001,0.005,-0.001
KP01,0.006,-0.004,0.0
KP02,0.005,-0.003,-0.001
KP03,0.006,-0.002,-0.001
KP04,0.006,-0.004,-0.001
NWS1.1,-0.007,-0.001,0.003
NWS1.2,-0.005,-0.004,0.001
NWS2.1,-0.003,0.003,0.0
NWS2.2,-0.002,-0.003,-0.001
NWS3.1,-0.002,0.012,-0.001
NWS3.2,0.0,0.007,-0.001
NWS3.3,0.01,0.009,0.004
NWS4.1,-0.002,0.007,0.001
NWS4.2,0.0,0.007,0.001
NWS4.3,0.001,0.008,0.001
NWS4.4,0.0,0.01,0.0
NWN1.1,0.003,-0.01,-0.0
NWN2.1,-0.002,-0.019,-0.002
NWN3.1,-0.009,-0.026,-0.001
NWN4.1,-0.003,-0.016,-0.001
NWN1.2,-0.002,-0.009,-0.001
NWN1.3,-0.002,-0.008,-0.001
NWN2.2,-0.003,-0.014,-0.002
NWN2.3,-0.005,-0.015,0.002
NWN3.2,-0.006,-0.016,-0.0
NWN3.3,-0.006,-0.018,0.001
NWN4.2,-0.001,-0.012,-0.0
NWN4.3,-0.002,-0.014,0.0
NWN4.4,-0.003,-0.02,-0.012
NWS2.3,-0.004,-0.0,0.001
NWN3.4,-0.003,-0.02,0.002
NWS3.4,0.019,-0.006,0.023
NWN2.4,-0.003,-0.014,-0.005
NWS1.3,-0.004,-0.003,0.001
NWS1.4,-0.006,-0.004,0.003
PW05,-0.0,-0.009,0.001
NWS2.4,-0.003,-0.001,0.002
PW06,0.003,-0.007,0.0
PW07,0.002,-0.009,-0.001
NWN1.4,-0.001,-0.005,0.0
PW08,0.0,-0.006,0.002
NWS4.5,-0.0,0.0,0.001
NWN3.5,-0.003,-0.006,0.001
NWN2.5,0.0,-0.002,-0.0
NWN3.6,0.041,0.0,0.17
NWN4.5,-0.0,-0.002,-0.001
PW12,-0.0,-0.0,0.0
PW13,-0.0,-0.0,0.0
PW14,-0.0,-0.0,-0.0
NWN2.6,-0.0,0.0,-0.0
NWN3.6,-0.0,0.0,-0.0
NWS2.6,-0.001,0.0,-0.0
